>> A = [1,4,1; 1,3,2; -1,2,7]

A =

     1     4     1
     1     3     2
    -1     2     7

>> B = [1,0,1; 2,5,2; -9,1,1]

B =

     1     0     1
     2     5     2
    -9     1     1

>> inv(A*B)

ans =

    -0.024286     0.057143    -0.027143
      0.61429     -0.85714      0.15714
        -1.19          1.8        -0.33

>> B = [1,0,1; 2,5,12; -9,1,1]

B =

     1     0     1
     2     5    12
    -9     1     1

>> inv(A*B)

ans =

      0.27321     -0.39286     0.055357
       3.5893      -5.3571      0.98214
      -1.4875         2.25      -0.4125

>> inv(B)*inv(A)

ans =

      0.27321     -0.39286     0.055357
       3.5893      -5.3571      0.98214
      -1.4875         2.25      -0.4125

>> H = hilb(6)

H =

            1          0.5      0.33333         0.25          0.2      0.16667
          0.5      0.33333         0.25          0.2      0.16667      0.14286
      0.33333         0.25          0.2      0.16667      0.14286        0.125
         0.25          0.2      0.16667      0.14286        0.125      0.11111
          0.2      0.16667      0.14286        0.125      0.11111          0.1
      0.16667      0.14286        0.125      0.11111          0.1     0.090909

>> inv(H)

ans =

           36         -630         3360        -7560         7560        -2772
         -630        14700       -88200   2.1168e+05   -2.205e+05        83160
         3360       -88200   5.6448e+05  -1.4112e+06    1.512e+06  -5.8212e+05
        -7560   2.1168e+05  -1.4112e+06   3.6288e+06   -3.969e+06   1.5523e+06
         7560   -2.205e+05    1.512e+06   -3.969e+06     4.41e+06  -1.7464e+06
        -2772        83160  -5.8212e+05   1.5523e+06  -1.7464e+06   6.9854e+05



>> sym(inv(H))
 
ans =
 
[2533274790428377/70368744177664, -1385384651028679/2199023255552, 7388718138871107/2199023255552, -8312307906273849/1099511627776, 8312307906308073/1099511627776, -3047846232323007/1099511627776]
[-1385384651028679/2199023255552,   2020352616096933/137438953472,  -3030528924159675/34359738368,      909158677251089/4294967296,  -7576322310446247/34359738368,    1428677921401509/17179869184]
[ 7388718138871107/2199023255552,   -3030528924159675/34359738368,    4848846278669839/8589934592,    -3030528924175161/2147483648,    3246995275907263/2147483648,    -5000372724903611/8589934592]
[-8312307906273849/1099511627776,      909158677251089/4294967296,   -3030528924175161/2147483648,     7792788662173297/2147483648,   -8523362599258947/2147483648,     6667163633202253/4294967296]
[ 8312307906308073/1099511627776,   -7576322310446247/34359738368,    3246995275907263/2147483648,    -8523362599258947/2147483648,     1183800361008379/268435456,    -7500559087349841/4294967296]
[-3047846232323007/1099511627776,    1428677921401509/17179869184,   -5000372724903611/8589934592,     6667163633202253/4294967296,   -7500559087349841/4294967296,     3000223634938981/4294967296]
 

 
>> t = tr(A)

t =

    12


t =

    12

>> tr(H)

t =

       1.8782


ans =

       1.8782

>> x = [0 1 -1 3 2];
>> x 

x =

     0     1    -1     3     2

>> x = [0;1;-1;3;2]

x =

     0
     1
    -1
     3
     2

>> a = [0;1;-1;3;2]

a =

     0
     1
    -1
     3
     2

>> triprod(A,a)

y =

     7
    -3
     8
   -16
     7


ans =

     7
    -3
     8
   -16
     7

>> triprod(A,a)

y =

     7
    -3
     8
   -16
     7


ans =

     7
    -3
     8
   -16
     7

>> b = [6;0;1;3;0]

b =

     6
     0
     1
     3
     0

>> triprod(A,b)

y =

     6
    32
     4
    16
     3


ans =

     6
    32
     4
    16
     3

>> triprod(A,b)
